(kicad_pcb (version 20171130) (host pcbnew "(5.0.1)-4")

  (general
    (thickness 1.6002)
    (drawings 29)
    (tracks 60)
    (zones 0)
    (modules 16)
    (nets 11)
  )

  (page A4)
  (title_block
    (date "16 jan 2014")
  )

  (layers
    (0 Front signal)
    (31 Back signal)
    (32 B.Adhes user)
    (33 F.Adhes user)
    (34 B.Paste user)
    (35 F.Paste user)
    (36 B.SilkS user)
    (37 F.SilkS user)
    (38 B.Mask user)
    (39 F.Mask user)
    (40 Dwgs.User user)
    (41 Cmts.User user hide)
    (42 Eco1.User user hide)
    (43 Eco2.User user hide)
    (44 Edge.Cuts user)
    (45 Margin user)
    (46 B.CrtYd user hide)
    (47 F.CrtYd user hide)
    (48 B.Fab user hide)
    (49 F.Fab user hide)
  )

  (setup
    (last_trace_width 0.4)
    (user_trace_width 0.3)
    (user_trace_width 0.4)
    (user_trace_width 0.6)
    (trace_clearance 0.254)
    (zone_clearance 0.508)
    (zone_45_only no)
    (trace_min 0.2)
    (segment_width 0.2)
    (edge_width 0.2)
    (via_size 0.6)
    (via_drill 0.4)
    (via_min_size 0.6)
    (via_min_drill 0.3)
    (uvia_size 0.508)
    (uvia_drill 0.127)
    (uvias_allowed no)
    (uvia_min_size 0.508)
    (uvia_min_drill 0.127)
    (pcb_text_width 0.3048)
    (pcb_text_size 1.524 2.032)
    (mod_edge_width 0.381)
    (mod_text_size 1.524 1.524)
    (mod_text_width 0.3048)
    (pad_size 1.5 1.5)
    (pad_drill 0)
    (pad_to_mask_clearance 0.254)
    (solder_mask_min_width 0.25)
    (aux_axis_origin 0 0)
    (visible_elements 7FFFFFFF)
    (pcbplotparams
      (layerselection 0x010f0_80000001)
      (usegerberextensions true)
      (usegerberattributes false)
      (usegerberadvancedattributes false)
      (creategerberjobfile false)
      (excludeedgelayer true)
      (linewidth 0.150000)
      (plotframeref false)
      (viasonmask false)
      (mode 1)
      (useauxorigin false)
      (hpglpennumber 1)
      (hpglpenspeed 20)
      (hpglpendiameter 15.000000)
      (psnegative false)
      (psa4output false)
      (plotreference true)
      (plotvalue true)
      (plotinvisibletext false)
      (padsonsilk false)
      (subtractmaskfromsilk false)
      (outputformat 1)
      (mirror false)
      (drillshape 0)
      (scaleselection 1)
      (outputdirectory "output/"))
  )

  (net 0 "")
  (net 1 GND)
  (net 2 RX)
  (net 3 TX)
  (net 4 +5V)
  (net 5 "Net-(Q1-Pad1)")
  (net 6 "Net-(Q1-Pad2)")
  (net 7 "Net-(Q2-Pad3)")
  (net 8 "Net-(Q2-Pad2)")
  (net 9 "Net-(D1-Pad2)")
  (net 10 "Net-(D2-Pad2)")

  (net_class Default "This is the default net class."
    (clearance 0.254)
    (trace_width 0.2)
    (via_dia 0.6)
    (via_drill 0.4)
    (uvia_dia 0.508)
    (uvia_drill 0.127)
    (add_net +5V)
    (add_net GND)
    (add_net "Net-(D1-Pad2)")
    (add_net "Net-(D2-Pad2)")
    (add_net "Net-(Q1-Pad1)")
    (add_net "Net-(Q1-Pad2)")
    (add_net "Net-(Q2-Pad2)")
    (add_net "Net-(Q2-Pad3)")
    (add_net RX)
    (add_net TX)
  )

  (module Package_TO_SOT_SMD:SOT-23 (layer Front) (tedit 5C95E356) (tstamp 5C995CE8)
    (at 45 41 270)
    (descr "SOT-23, Standard")
    (tags SOT-23)
    (path /5C8CDC16)
    (attr smd)
    (fp_text reference Q1 (at 0 -2.5 270) (layer F.Fab)
      (effects (font (size 1 1) (thickness 0.15)))
    )
    (fp_text value PNP (at -2.5 0) (layer F.SilkS)
      (effects (font (size 1 1) (thickness 0.15)))
    )
    (fp_text user %R (at 0 0) (layer F.Fab)
      (effects (font (size 0.5 0.5) (thickness 0.075)))
    )
    (fp_line (start -0.7 -0.95) (end -0.7 1.5) (layer F.Fab) (width 0.1))
    (fp_line (start -0.15 -1.52) (end 0.7 -1.52) (layer F.Fab) (width 0.1))
    (fp_line (start -0.7 -0.95) (end -0.15 -1.52) (layer F.Fab) (width 0.1))
    (fp_line (start 0.7 -1.52) (end 0.7 1.52) (layer F.Fab) (width 0.1))
    (fp_line (start -0.7 1.52) (end 0.7 1.52) (layer F.Fab) (width 0.1))
    (fp_line (start 0.76 1.58) (end 0.76 0.65) (layer F.SilkS) (width 0.12))
    (fp_line (start 0.76 -1.58) (end 0.76 -0.65) (layer F.SilkS) (width 0.12))
    (fp_line (start -1.7 -1.75) (end 1.7 -1.75) (layer F.CrtYd) (width 0.05))
    (fp_line (start 1.7 -1.75) (end 1.7 1.75) (layer F.CrtYd) (width 0.05))
    (fp_line (start 1.7 1.75) (end -1.7 1.75) (layer F.CrtYd) (width 0.05))
    (fp_line (start -1.7 1.75) (end -1.7 -1.75) (layer F.CrtYd) (width 0.05))
    (fp_line (start 0.76 -1.58) (end -1.4 -1.58) (layer F.SilkS) (width 0.12))
    (fp_line (start 0.76 1.58) (end -0.7 1.58) (layer F.SilkS) (width 0.12))
    (pad 1 smd rect (at -1 -0.95 270) (size 0.9 0.8) (layers Front F.Paste F.Mask)
      (net 5 "Net-(Q1-Pad1)"))
    (pad 2 smd rect (at -1 0.95 270) (size 0.9 0.8) (layers Front F.Paste F.Mask)
      (net 6 "Net-(Q1-Pad2)"))
    (pad 3 smd rect (at 1 0 270) (size 0.9 0.8) (layers Front F.Paste F.Mask)
      (net 4 +5V))
    (model ${KISYS3DMOD}/Package_TO_SOT_SMD.3dshapes/SOT-23.wrl
      (at (xyz 0 0 0))
      (scale (xyz 1 1 1))
      (rotate (xyz 0 0 0))
    )
  )

  (module Package_TO_SOT_SMD:SOT-23 (layer Front) (tedit 5C95E349) (tstamp 5C93D09B)
    (at 52.25 46)
    (descr "SOT-23, Standard")
    (tags SOT-23)
    (path /5C8CDE9E)
    (attr smd)
    (fp_text reference Q2 (at 0 -2.5) (layer F.Fab)
      (effects (font (size 1 1) (thickness 0.15)))
    )
    (fp_text value NPN (at -0.25 2.25) (layer F.SilkS)
      (effects (font (size 1 1) (thickness 0.15)))
    )
    (fp_line (start 0.76 1.58) (end -0.7 1.58) (layer F.SilkS) (width 0.12))
    (fp_line (start 0.76 -1.58) (end -1.4 -1.58) (layer F.SilkS) (width 0.12))
    (fp_line (start -1.7 1.75) (end -1.7 -1.75) (layer F.CrtYd) (width 0.05))
    (fp_line (start 1.7 1.75) (end -1.7 1.75) (layer F.CrtYd) (width 0.05))
    (fp_line (start 1.7 -1.75) (end 1.7 1.75) (layer F.CrtYd) (width 0.05))
    (fp_line (start -1.7 -1.75) (end 1.7 -1.75) (layer F.CrtYd) (width 0.05))
    (fp_line (start 0.76 -1.58) (end 0.76 -0.65) (layer F.SilkS) (width 0.12))
    (fp_line (start 0.76 1.58) (end 0.76 0.65) (layer F.SilkS) (width 0.12))
    (fp_line (start -0.7 1.52) (end 0.7 1.52) (layer F.Fab) (width 0.1))
    (fp_line (start 0.7 -1.52) (end 0.7 1.52) (layer F.Fab) (width 0.1))
    (fp_line (start -0.7 -0.95) (end -0.15 -1.52) (layer F.Fab) (width 0.1))
    (fp_line (start -0.15 -1.52) (end 0.7 -1.52) (layer F.Fab) (width 0.1))
    (fp_line (start -0.7 -0.95) (end -0.7 1.5) (layer F.Fab) (width 0.1))
    (fp_text user %R (at 0 0 90) (layer F.Fab)
      (effects (font (size 0.5 0.5) (thickness 0.075)))
    )
    (pad 3 smd rect (at 1 0) (size 0.9 0.8) (layers Front F.Paste F.Mask)
      (net 7 "Net-(Q2-Pad3)"))
    (pad 2 smd rect (at -1 0.95) (size 0.9 0.8) (layers Front F.Paste F.Mask)
      (net 8 "Net-(Q2-Pad2)"))
    (pad 1 smd rect (at -1 -0.95) (size 0.9 0.8) (layers Front F.Paste F.Mask)
      (net 10 "Net-(D2-Pad2)"))
    (model ${KISYS3DMOD}/Package_TO_SOT_SMD.3dshapes/SOT-23.wrl
      (at (xyz 0 0 0))
      (scale (xyz 1 1 1))
      (rotate (xyz 0 0 0))
    )
  )

  (module Package_TO_SOT_SMD:SOT-23 (layer Front) (tedit 5C95E338) (tstamp 5C996A8F)
    (at 44.75 50 270)
    (descr "SOT-23, Standard")
    (tags SOT-23)
    (path /5C8CDF18)
    (attr smd)
    (fp_text reference Q3 (at 0 -2.5 270) (layer F.Fab)
      (effects (font (size 1 1) (thickness 0.15)))
    )
    (fp_text value NPN (at 0.25 2.25 270) (layer F.SilkS)
      (effects (font (size 1 1) (thickness 0.15)))
    )
    (fp_text user %R (at 0 0) (layer F.Fab)
      (effects (font (size 0.5 0.5) (thickness 0.075)))
    )
    (fp_line (start -0.7 -0.95) (end -0.7 1.5) (layer F.Fab) (width 0.1))
    (fp_line (start -0.15 -1.52) (end 0.7 -1.52) (layer F.Fab) (width 0.1))
    (fp_line (start -0.7 -0.95) (end -0.15 -1.52) (layer F.Fab) (width 0.1))
    (fp_line (start 0.7 -1.52) (end 0.7 1.52) (layer F.Fab) (width 0.1))
    (fp_line (start -0.7 1.52) (end 0.7 1.52) (layer F.Fab) (width 0.1))
    (fp_line (start 0.76 1.58) (end 0.76 0.65) (layer F.SilkS) (width 0.12))
    (fp_line (start 0.76 -1.58) (end 0.76 -0.65) (layer F.SilkS) (width 0.12))
    (fp_line (start -1.7 -1.75) (end 1.7 -1.75) (layer F.CrtYd) (width 0.05))
    (fp_line (start 1.7 -1.75) (end 1.7 1.75) (layer F.CrtYd) (width 0.05))
    (fp_line (start 1.7 1.75) (end -1.7 1.75) (layer F.CrtYd) (width 0.05))
    (fp_line (start -1.7 1.75) (end -1.7 -1.75) (layer F.CrtYd) (width 0.05))
    (fp_line (start 0.76 -1.58) (end -1.4 -1.58) (layer F.SilkS) (width 0.12))
    (fp_line (start 0.76 1.58) (end -0.7 1.58) (layer F.SilkS) (width 0.12))
    (pad 1 smd rect (at -1 -0.95 270) (size 0.9 0.8) (layers Front F.Paste F.Mask)
      (net 8 "Net-(Q2-Pad2)"))
    (pad 2 smd rect (at -1 0.95 270) (size 0.9 0.8) (layers Front F.Paste F.Mask)
      (net 1 GND))
    (pad 3 smd rect (at 1 0 270) (size 0.9 0.8) (layers Front F.Paste F.Mask)
      (net 2 RX))
    (model ${KISYS3DMOD}/Package_TO_SOT_SMD.3dshapes/SOT-23.wrl
      (at (xyz 0 0 0))
      (scale (xyz 1 1 1))
      (rotate (xyz 0 0 0))
    )
  )

  (module Resistor_SMD:R_0603_1608Metric (layer Front) (tedit 5C95E2BF) (tstamp 5CA05277)
    (at 47.75 41.75 90)
    (descr "Resistor SMD 0603 (1608 Metric), square (rectangular) end terminal, IPC_7351 nominal, (Body size source: http://www.tortai-tech.com/upload/download/2011102023233369053.pdf), generated with kicad-footprint-generator")
    (tags resistor)
    (path /51D5D637)
    (attr smd)
    (fp_text reference R1 (at 0 -1.43 90) (layer F.Fab)
      (effects (font (size 1 1) (thickness 0.15)))
    )
    (fp_text value 39k (at 3 0 90) (layer F.SilkS)
      (effects (font (size 1 1) (thickness 0.15)))
    )
    (fp_line (start -0.8 0.4) (end -0.8 -0.4) (layer F.Fab) (width 0.1))
    (fp_line (start -0.8 -0.4) (end 0.8 -0.4) (layer F.Fab) (width 0.1))
    (fp_line (start 0.8 -0.4) (end 0.8 0.4) (layer F.Fab) (width 0.1))
    (fp_line (start 0.8 0.4) (end -0.8 0.4) (layer F.Fab) (width 0.1))
    (fp_line (start -0.162779 -0.51) (end 0.162779 -0.51) (layer F.SilkS) (width 0.12))
    (fp_line (start -0.162779 0.51) (end 0.162779 0.51) (layer F.SilkS) (width 0.12))
    (fp_line (start -1.48 0.73) (end -1.48 -0.73) (layer F.CrtYd) (width 0.05))
    (fp_line (start -1.48 -0.73) (end 1.48 -0.73) (layer F.CrtYd) (width 0.05))
    (fp_line (start 1.48 -0.73) (end 1.48 0.73) (layer F.CrtYd) (width 0.05))
    (fp_line (start 1.48 0.73) (end -1.48 0.73) (layer F.CrtYd) (width 0.05))
    (fp_text user %R (at 0 0 90) (layer F.Fab)
      (effects (font (size 0.4 0.4) (thickness 0.06)))
    )
    (pad 1 smd roundrect (at -0.7875 0 90) (size 0.875 0.95) (layers Front F.Paste F.Mask) (roundrect_rratio 0.25)
      (net 3 TX))
    (pad 2 smd roundrect (at 0.7875 0 90) (size 0.875 0.95) (layers Front F.Paste F.Mask) (roundrect_rratio 0.25)
      (net 5 "Net-(Q1-Pad1)"))
    (model ${KISYS3DMOD}/Resistor_SMD.3dshapes/R_0603_1608Metric.wrl
      (at (xyz 0 0 0))
      (scale (xyz 1 1 1))
      (rotate (xyz 0 0 0))
    )
  )

  (module Resistor_SMD:R_0603_1608Metric (layer Front) (tedit 5C95E2B6) (tstamp 5CA05287)
    (at 42.5 41.75 270)
    (descr "Resistor SMD 0603 (1608 Metric), square (rectangular) end terminal, IPC_7351 nominal, (Body size source: http://www.tortai-tech.com/upload/download/2011102023233369053.pdf), generated with kicad-footprint-generator")
    (tags resistor)
    (path /51D5D6E0)
    (attr smd)
    (fp_text reference R2 (at 0 -1.43 270) (layer F.Fab)
      (effects (font (size 1 1) (thickness 0.15)))
    )
    (fp_text value 220 (at -0.25 1.43 270) (layer F.SilkS)
      (effects (font (size 1 1) (thickness 0.15)))
    )
    (fp_text user %R (at 0 0 270) (layer F.Fab)
      (effects (font (size 0.4 0.4) (thickness 0.06)))
    )
    (fp_line (start 1.48 0.73) (end -1.48 0.73) (layer F.CrtYd) (width 0.05))
    (fp_line (start 1.48 -0.73) (end 1.48 0.73) (layer F.CrtYd) (width 0.05))
    (fp_line (start -1.48 -0.73) (end 1.48 -0.73) (layer F.CrtYd) (width 0.05))
    (fp_line (start -1.48 0.73) (end -1.48 -0.73) (layer F.CrtYd) (width 0.05))
    (fp_line (start -0.162779 0.51) (end 0.162779 0.51) (layer F.SilkS) (width 0.12))
    (fp_line (start -0.162779 -0.51) (end 0.162779 -0.51) (layer F.SilkS) (width 0.12))
    (fp_line (start 0.8 0.4) (end -0.8 0.4) (layer F.Fab) (width 0.1))
    (fp_line (start 0.8 -0.4) (end 0.8 0.4) (layer F.Fab) (width 0.1))
    (fp_line (start -0.8 -0.4) (end 0.8 -0.4) (layer F.Fab) (width 0.1))
    (fp_line (start -0.8 0.4) (end -0.8 -0.4) (layer F.Fab) (width 0.1))
    (pad 2 smd roundrect (at 0.7875 0 270) (size 0.875 0.95) (layers Front F.Paste F.Mask) (roundrect_rratio 0.25)
      (net 9 "Net-(D1-Pad2)"))
    (pad 1 smd roundrect (at -0.7875 0 270) (size 0.875 0.95) (layers Front F.Paste F.Mask) (roundrect_rratio 0.25)
      (net 6 "Net-(Q1-Pad2)"))
    (model ${KISYS3DMOD}/Resistor_SMD.3dshapes/R_0603_1608Metric.wrl
      (at (xyz 0 0 0))
      (scale (xyz 1 1 1))
      (rotate (xyz 0 0 0))
    )
  )

  (module Resistor_SMD:R_0603_1608Metric (layer Front) (tedit 5C95E2C9) (tstamp 5CA05297)
    (at 52 43.25 180)
    (descr "Resistor SMD 0603 (1608 Metric), square (rectangular) end terminal, IPC_7351 nominal, (Body size source: http://www.tortai-tech.com/upload/download/2011102023233369053.pdf), generated with kicad-footprint-generator")
    (tags resistor)
    (path /51FBDA21)
    (attr smd)
    (fp_text reference R3 (at 0 -1.43 180) (layer F.Fab)
      (effects (font (size 1 1) (thickness 0.15)))
    )
    (fp_text value 15k (at 0 1.43 180) (layer F.SilkS)
      (effects (font (size 1 1) (thickness 0.15)))
    )
    (fp_line (start -0.8 0.4) (end -0.8 -0.4) (layer F.Fab) (width 0.1))
    (fp_line (start -0.8 -0.4) (end 0.8 -0.4) (layer F.Fab) (width 0.1))
    (fp_line (start 0.8 -0.4) (end 0.8 0.4) (layer F.Fab) (width 0.1))
    (fp_line (start 0.8 0.4) (end -0.8 0.4) (layer F.Fab) (width 0.1))
    (fp_line (start -0.162779 -0.51) (end 0.162779 -0.51) (layer F.SilkS) (width 0.12))
    (fp_line (start -0.162779 0.51) (end 0.162779 0.51) (layer F.SilkS) (width 0.12))
    (fp_line (start -1.48 0.73) (end -1.48 -0.73) (layer F.CrtYd) (width 0.05))
    (fp_line (start -1.48 -0.73) (end 1.48 -0.73) (layer F.CrtYd) (width 0.05))
    (fp_line (start 1.48 -0.73) (end 1.48 0.73) (layer F.CrtYd) (width 0.05))
    (fp_line (start 1.48 0.73) (end -1.48 0.73) (layer F.CrtYd) (width 0.05))
    (fp_text user %R (at 0 0 180) (layer F.Fab)
      (effects (font (size 0.4 0.4) (thickness 0.06)))
    )
    (pad 1 smd roundrect (at -0.7875 0 180) (size 0.875 0.95) (layers Front F.Paste F.Mask) (roundrect_rratio 0.25)
      (net 1 GND))
    (pad 2 smd roundrect (at 0.7875 0 180) (size 0.875 0.95) (layers Front F.Paste F.Mask) (roundrect_rratio 0.25)
      (net 10 "Net-(D2-Pad2)"))
    (model ${KISYS3DMOD}/Resistor_SMD.3dshapes/R_0603_1608Metric.wrl
      (at (xyz 0 0 0))
      (scale (xyz 1 1 1))
      (rotate (xyz 0 0 0))
    )
  )

  (module Resistor_SMD:R_0603_1608Metric (layer Front) (tedit 5C95E2D2) (tstamp 5CA052A7)
    (at 46.5 47.25 180)
    (descr "Resistor SMD 0603 (1608 Metric), square (rectangular) end terminal, IPC_7351 nominal, (Body size source: http://www.tortai-tech.com/upload/download/2011102023233369053.pdf), generated with kicad-footprint-generator")
    (tags resistor)
    (path /52CEFDF5)
    (attr smd)
    (fp_text reference R4 (at 0 -1.43 180) (layer F.Fab)
      (effects (font (size 1 1) (thickness 0.15)))
    )
    (fp_text value 10k (at -2.75 0 180) (layer F.SilkS)
      (effects (font (size 1 1) (thickness 0.15)))
    )
    (fp_line (start -0.8 0.4) (end -0.8 -0.4) (layer F.Fab) (width 0.1))
    (fp_line (start -0.8 -0.4) (end 0.8 -0.4) (layer F.Fab) (width 0.1))
    (fp_line (start 0.8 -0.4) (end 0.8 0.4) (layer F.Fab) (width 0.1))
    (fp_line (start 0.8 0.4) (end -0.8 0.4) (layer F.Fab) (width 0.1))
    (fp_line (start -0.162779 -0.51) (end 0.162779 -0.51) (layer F.SilkS) (width 0.12))
    (fp_line (start -0.162779 0.51) (end 0.162779 0.51) (layer F.SilkS) (width 0.12))
    (fp_line (start -1.48 0.73) (end -1.48 -0.73) (layer F.CrtYd) (width 0.05))
    (fp_line (start -1.48 -0.73) (end 1.48 -0.73) (layer F.CrtYd) (width 0.05))
    (fp_line (start 1.48 -0.73) (end 1.48 0.73) (layer F.CrtYd) (width 0.05))
    (fp_line (start 1.48 0.73) (end -1.48 0.73) (layer F.CrtYd) (width 0.05))
    (fp_text user %R (at 0 0 180) (layer F.Fab)
      (effects (font (size 0.4 0.4) (thickness 0.06)))
    )
    (pad 1 smd roundrect (at -0.7875 0 180) (size 0.875 0.95) (layers Front F.Paste F.Mask) (roundrect_rratio 0.25)
      (net 7 "Net-(Q2-Pad3)"))
    (pad 2 smd roundrect (at 0.7875 0 180) (size 0.875 0.95) (layers Front F.Paste F.Mask) (roundrect_rratio 0.25)
      (net 4 +5V))
    (model ${KISYS3DMOD}/Resistor_SMD.3dshapes/R_0603_1608Metric.wrl
      (at (xyz 0 0 0))
      (scale (xyz 1 1 1))
      (rotate (xyz 0 0 0))
    )
  )

  (module Resistor_SMD:R_0603_1608Metric (layer Front) (tedit 5C95E2DA) (tstamp 5CA05D41)
    (at 42.7875 47.25)
    (descr "Resistor SMD 0603 (1608 Metric), square (rectangular) end terminal, IPC_7351 nominal, (Body size source: http://www.tortai-tech.com/upload/download/2011102023233369053.pdf), generated with kicad-footprint-generator")
    (tags resistor)
    (path /51FBDAB3)
    (attr smd)
    (fp_text reference R5 (at 0 -1.43) (layer F.Fab)
      (effects (font (size 1 1) (thickness 0.15)))
    )
    (fp_text value 10k (at -2.5375 0.25) (layer F.SilkS)
      (effects (font (size 1 1) (thickness 0.15)))
    )
    (fp_text user %R (at 0 0) (layer F.Fab)
      (effects (font (size 0.4 0.4) (thickness 0.06)))
    )
    (fp_line (start 1.48 0.73) (end -1.48 0.73) (layer F.CrtYd) (width 0.05))
    (fp_line (start 1.48 -0.73) (end 1.48 0.73) (layer F.CrtYd) (width 0.05))
    (fp_line (start -1.48 -0.73) (end 1.48 -0.73) (layer F.CrtYd) (width 0.05))
    (fp_line (start -1.48 0.73) (end -1.48 -0.73) (layer F.CrtYd) (width 0.05))
    (fp_line (start -0.162779 0.51) (end 0.162779 0.51) (layer F.SilkS) (width 0.12))
    (fp_line (start -0.162779 -0.51) (end 0.162779 -0.51) (layer F.SilkS) (width 0.12))
    (fp_line (start 0.8 0.4) (end -0.8 0.4) (layer F.Fab) (width 0.1))
    (fp_line (start 0.8 -0.4) (end 0.8 0.4) (layer F.Fab) (width 0.1))
    (fp_line (start -0.8 -0.4) (end 0.8 -0.4) (layer F.Fab) (width 0.1))
    (fp_line (start -0.8 0.4) (end -0.8 -0.4) (layer F.Fab) (width 0.1))
    (pad 2 smd roundrect (at 0.7875 0) (size 0.875 0.95) (layers Front F.Paste F.Mask) (roundrect_rratio 0.25)
      (net 4 +5V))
    (pad 1 smd roundrect (at -0.7875 0) (size 0.875 0.95) (layers Front F.Paste F.Mask) (roundrect_rratio 0.25)
      (net 2 RX))
    (model ${KISYS3DMOD}/Resistor_SMD.3dshapes/R_0603_1608Metric.wrl
      (at (xyz 0 0 0))
      (scale (xyz 1 1 1))
      (rotate (xyz 0 0 0))
    )
  )

  (module MountingHole:MountingHole_2.2mm_M2 (layer Front) (tedit 5C95E2A1) (tstamp 5CA06C90)
    (at 34 45)
    (descr "Mounting Hole 2.2mm, no annular, M2")
    (tags "mounting hole 2.2mm no annular m2")
    (path /5C93F3AA)
    (attr virtual)
    (fp_text reference H1 (at 0 -3.2) (layer F.Fab)
      (effects (font (size 1 1) (thickness 0.15)))
    )
    (fp_text value MountingHole (at 0 3.2) (layer F.Fab)
      (effects (font (size 1 1) (thickness 0.15)))
    )
    (fp_text user %R (at 0.3 0) (layer F.Fab)
      (effects (font (size 1 1) (thickness 0.15)))
    )
    (fp_circle (center 0 0) (end 2.2 0) (layer Cmts.User) (width 0.15))
    (fp_circle (center 0 0) (end 2.45 0) (layer F.CrtYd) (width 0.05))
    (pad 1 np_thru_hole circle (at 0 0) (size 2.2 2.2) (drill 2.2) (layers *.Cu *.Mask))
  )

  (module MountingHole:MountingHole_2.2mm_M2 (layer Front) (tedit 5C95E29D) (tstamp 5CA06C98)
    (at 56 45)
    (descr "Mounting Hole 2.2mm, no annular, M2")
    (tags "mounting hole 2.2mm no annular m2")
    (path /5C93F4E8)
    (attr virtual)
    (fp_text reference H2 (at 0 -3.2) (layer F.Fab)
      (effects (font (size 1 1) (thickness 0.15)))
    )
    (fp_text value MountingHole (at 0 3.2) (layer F.Fab)
      (effects (font (size 1 1) (thickness 0.15)))
    )
    (fp_circle (center 0 0) (end 2.45 0) (layer F.CrtYd) (width 0.05))
    (fp_circle (center 0 0) (end 2.2 0) (layer Cmts.User) (width 0.15))
    (fp_text user %R (at 0.3 0) (layer F.Fab)
      (effects (font (size 1 1) (thickness 0.15)))
    )
    (pad 1 np_thru_hole circle (at 0 0) (size 2.2 2.2) (drill 2.2) (layers *.Cu *.Mask))
  )

  (module TestPoint:TestPoint_Pad_1.5x1.5mm (layer Back) (tedit 5C95E0D9) (tstamp 5C95DF2E)
    (at 40.5 45)
    (descr "SMD rectangular pad as test Point, square 1.5mm side length")
    (tags "test point SMD pad rectangle square")
    (path /5C93FBE8)
    (attr virtual)
    (fp_text reference J1 (at 0 1.648) (layer B.Fab)
      (effects (font (size 1 1) (thickness 0.15)) (justify mirror))
    )
    (fp_text value GND (at 0 -1.75) (layer B.SilkS)
      (effects (font (size 1 1) (thickness 0.15)) (justify mirror))
    )
    (fp_line (start 1.25 -1.25) (end -1.25 -1.25) (layer B.CrtYd) (width 0.05))
    (fp_line (start 1.25 -1.25) (end 1.25 1.25) (layer B.CrtYd) (width 0.05))
    (fp_line (start -1.25 1.25) (end -1.25 -1.25) (layer B.CrtYd) (width 0.05))
    (fp_line (start -1.25 1.25) (end 1.25 1.25) (layer B.CrtYd) (width 0.05))
    (fp_line (start -0.95 -0.95) (end -0.95 0.95) (layer B.SilkS) (width 0.12))
    (fp_line (start 0.95 -0.95) (end -0.95 -0.95) (layer B.SilkS) (width 0.12))
    (fp_line (start 0.95 0.95) (end 0.95 -0.95) (layer B.SilkS) (width 0.12))
    (fp_line (start -0.95 0.95) (end 0.95 0.95) (layer B.SilkS) (width 0.12))
    (fp_text user %R (at 0 1.65) (layer B.Fab)
      (effects (font (size 1 1) (thickness 0.15)) (justify mirror))
    )
    (pad 1 smd rect (at 0 0) (size 1.5 1.5) (layers Back B.Mask)
      (net 1 GND))
  )

  (module TestPoint:TestPoint_Pad_1.5x1.5mm (layer Back) (tedit 5C95E137) (tstamp 5C95DF3C)
    (at 43.5 45)
    (descr "SMD rectangular pad as test Point, square 1.5mm side length")
    (tags "test point SMD pad rectangle square")
    (path /5C93FC78)
    (attr virtual)
    (fp_text reference J2 (at 0 1.648) (layer B.Fab)
      (effects (font (size 1 1) (thickness 0.15)) (justify mirror))
    )
    (fp_text value 5V (at 0 -1.75) (layer B.SilkS)
      (effects (font (size 1 1) (thickness 0.15)) (justify mirror))
    )
    (fp_text user %R (at 0 1.65) (layer B.Fab)
      (effects (font (size 1 1) (thickness 0.15)) (justify mirror))
    )
    (fp_line (start -0.95 0.95) (end 0.95 0.95) (layer B.SilkS) (width 0.12))
    (fp_line (start 0.95 0.95) (end 0.95 -0.95) (layer B.SilkS) (width 0.12))
    (fp_line (start 0.95 -0.95) (end -0.95 -0.95) (layer B.SilkS) (width 0.12))
    (fp_line (start -0.95 -0.95) (end -0.95 0.95) (layer B.SilkS) (width 0.12))
    (fp_line (start -1.25 1.25) (end 1.25 1.25) (layer B.CrtYd) (width 0.05))
    (fp_line (start -1.25 1.25) (end -1.25 -1.25) (layer B.CrtYd) (width 0.05))
    (fp_line (start 1.25 -1.25) (end 1.25 1.25) (layer B.CrtYd) (width 0.05))
    (fp_line (start 1.25 -1.25) (end -1.25 -1.25) (layer B.CrtYd) (width 0.05))
    (pad 1 smd rect (at 0 0) (size 1.5 1.5) (layers Back B.Mask)
      (net 4 +5V))
  )

  (module TestPoint:TestPoint_Pad_1.5x1.5mm (layer Back) (tedit 5C95E0DF) (tstamp 5C95DF4A)
    (at 46.5 45)
    (descr "SMD rectangular pad as test Point, square 1.5mm side length")
    (tags "test point SMD pad rectangle square")
    (path /5C93FCA4)
    (attr virtual)
    (fp_text reference J3 (at 0 1.648) (layer B.Fab)
      (effects (font (size 1 1) (thickness 0.15)) (justify mirror))
    )
    (fp_text value TX (at 0 -1.75) (layer B.SilkS)
      (effects (font (size 1 1) (thickness 0.15)) (justify mirror))
    )
    (fp_line (start 1.25 -1.25) (end -1.25 -1.25) (layer B.CrtYd) (width 0.05))
    (fp_line (start 1.25 -1.25) (end 1.25 1.25) (layer B.CrtYd) (width 0.05))
    (fp_line (start -1.25 1.25) (end -1.25 -1.25) (layer B.CrtYd) (width 0.05))
    (fp_line (start -1.25 1.25) (end 1.25 1.25) (layer B.CrtYd) (width 0.05))
    (fp_line (start -0.95 -0.95) (end -0.95 0.95) (layer B.SilkS) (width 0.12))
    (fp_line (start 0.95 -0.95) (end -0.95 -0.95) (layer B.SilkS) (width 0.12))
    (fp_line (start 0.95 0.95) (end 0.95 -0.95) (layer B.SilkS) (width 0.12))
    (fp_line (start -0.95 0.95) (end 0.95 0.95) (layer B.SilkS) (width 0.12))
    (fp_text user %R (at 0 1.65) (layer B.Fab)
      (effects (font (size 1 1) (thickness 0.15)) (justify mirror))
    )
    (pad 1 smd rect (at 0 0) (size 1.5 1.5) (layers Back B.Mask)
      (net 3 TX))
  )

  (module TestPoint:TestPoint_Pad_1.5x1.5mm (layer Back) (tedit 5C95E13D) (tstamp 5C95DF58)
    (at 49.5 45)
    (descr "SMD rectangular pad as test Point, square 1.5mm side length")
    (tags "test point SMD pad rectangle square")
    (path /5C93FCD2)
    (attr virtual)
    (fp_text reference J4 (at 0 1.648) (layer B.Fab)
      (effects (font (size 1 1) (thickness 0.15)) (justify mirror))
    )
    (fp_text value RX (at 0 -1.75) (layer B.SilkS)
      (effects (font (size 1 1) (thickness 0.15)) (justify mirror))
    )
    (fp_text user %R (at 0 1.65) (layer B.Fab)
      (effects (font (size 1 1) (thickness 0.15)) (justify mirror))
    )
    (fp_line (start -0.95 0.95) (end 0.95 0.95) (layer B.SilkS) (width 0.12))
    (fp_line (start 0.95 0.95) (end 0.95 -0.95) (layer B.SilkS) (width 0.12))
    (fp_line (start 0.95 -0.95) (end -0.95 -0.95) (layer B.SilkS) (width 0.12))
    (fp_line (start -0.95 -0.95) (end -0.95 0.95) (layer B.SilkS) (width 0.12))
    (fp_line (start -1.25 1.25) (end 1.25 1.25) (layer B.CrtYd) (width 0.05))
    (fp_line (start -1.25 1.25) (end -1.25 -1.25) (layer B.CrtYd) (width 0.05))
    (fp_line (start 1.25 -1.25) (end 1.25 1.25) (layer B.CrtYd) (width 0.05))
    (fp_line (start 1.25 -1.25) (end -1.25 -1.25) (layer B.CrtYd) (width 0.05))
    (pad 1 smd rect (at 0 0) (size 1.5 1.5) (layers Back B.Mask)
      (net 2 RX))
  )

  (module LED_SMD:LED_0603_1608Metric (layer Front) (tedit 5C96380B) (tstamp 5CA2BC88)
    (at 41.5 45)
    (descr "LED SMD 0603 (1608 Metric), square (rectangular) end terminal, IPC_7351 nominal, (Body size source: http://www.tortai-tech.com/upload/download/2011102023233369053.pdf), generated with kicad-footprint-generator")
    (tags diode)
    (path /59706A67)
    (attr smd)
    (fp_text reference D1 (at 0 -1.43) (layer F.Fab)
      (effects (font (size 1 1) (thickness 0.15)))
    )
    (fp_text value TX (at -0.5 -1.25) (layer F.SilkS)
      (effects (font (size 1 1) (thickness 0.15)))
    )
    (fp_line (start 0.8 -0.4) (end -0.5 -0.4) (layer F.Fab) (width 0.1))
    (fp_line (start -0.5 -0.4) (end -0.8 -0.1) (layer F.Fab) (width 0.1))
    (fp_line (start -0.8 -0.1) (end -0.8 0.4) (layer F.Fab) (width 0.1))
    (fp_line (start -0.8 0.4) (end 0.8 0.4) (layer F.Fab) (width 0.1))
    (fp_line (start 0.8 0.4) (end 0.8 -0.4) (layer F.Fab) (width 0.1))
    (fp_line (start 0.8 -0.735) (end -1.485 -0.735) (layer F.SilkS) (width 0.12))
    (fp_line (start -1.485 -0.735) (end -1.485 0.735) (layer F.SilkS) (width 0.12))
    (fp_line (start -1.485 0.735) (end 0.8 0.735) (layer F.SilkS) (width 0.12))
    (fp_line (start -1.48 0.73) (end -1.48 -0.73) (layer F.CrtYd) (width 0.05))
    (fp_line (start -1.48 -0.73) (end 1.48 -0.73) (layer F.CrtYd) (width 0.05))
    (fp_line (start 1.48 -0.73) (end 1.48 0.73) (layer F.CrtYd) (width 0.05))
    (fp_line (start 1.48 0.73) (end -1.48 0.73) (layer F.CrtYd) (width 0.05))
    (fp_text user %R (at 0 0) (layer F.Fab)
      (effects (font (size 0.4 0.4) (thickness 0.06)))
    )
    (pad 1 smd roundrect (at -0.7875 0) (size 0.875 0.95) (layers Front F.Paste F.Mask) (roundrect_rratio 0.25)
      (net 1 GND))
    (pad 2 smd roundrect (at 0.7875 0) (size 0.875 0.95) (layers Front F.Paste F.Mask) (roundrect_rratio 0.25)
      (net 9 "Net-(D1-Pad2)"))
    (model ${KISYS3DMOD}/LED_SMD.3dshapes/LED_0603_1608Metric.wrl
      (at (xyz 0 0 0))
      (scale (xyz 1 1 1))
      (rotate (xyz 0 0 0))
    )
  )

  (module LED_SMD:LED_0603_1608Metric (layer Front) (tedit 5C9637FB) (tstamp 5CA2BC9B)
    (at 48.5 45)
    (descr "LED SMD 0603 (1608 Metric), square (rectangular) end terminal, IPC_7351 nominal, (Body size source: http://www.tortai-tech.com/upload/download/2011102023233369053.pdf), generated with kicad-footprint-generator")
    (tags diode)
    (path /59706C4F)
    (attr smd)
    (fp_text reference D2 (at 0 -1.43) (layer F.Fab)
      (effects (font (size 1 1) (thickness 0.15)))
    )
    (fp_text value RX (at 0.5 -1.25) (layer F.SilkS)
      (effects (font (size 1 1) (thickness 0.15)))
    )
    (fp_text user %R (at 0 0) (layer F.Fab)
      (effects (font (size 0.4 0.4) (thickness 0.06)))
    )
    (fp_line (start 1.48 0.73) (end -1.48 0.73) (layer F.CrtYd) (width 0.05))
    (fp_line (start 1.48 -0.73) (end 1.48 0.73) (layer F.CrtYd) (width 0.05))
    (fp_line (start -1.48 -0.73) (end 1.48 -0.73) (layer F.CrtYd) (width 0.05))
    (fp_line (start -1.48 0.73) (end -1.48 -0.73) (layer F.CrtYd) (width 0.05))
    (fp_line (start -1.485 0.735) (end 0.8 0.735) (layer F.SilkS) (width 0.12))
    (fp_line (start -1.485 -0.735) (end -1.485 0.735) (layer F.SilkS) (width 0.12))
    (fp_line (start 0.8 -0.735) (end -1.485 -0.735) (layer F.SilkS) (width 0.12))
    (fp_line (start 0.8 0.4) (end 0.8 -0.4) (layer F.Fab) (width 0.1))
    (fp_line (start -0.8 0.4) (end 0.8 0.4) (layer F.Fab) (width 0.1))
    (fp_line (start -0.8 -0.1) (end -0.8 0.4) (layer F.Fab) (width 0.1))
    (fp_line (start -0.5 -0.4) (end -0.8 -0.1) (layer F.Fab) (width 0.1))
    (fp_line (start 0.8 -0.4) (end -0.5 -0.4) (layer F.Fab) (width 0.1))
    (pad 2 smd roundrect (at 0.7875 0) (size 0.875 0.95) (layers Front F.Paste F.Mask) (roundrect_rratio 0.25)
      (net 10 "Net-(D2-Pad2)"))
    (pad 1 smd roundrect (at -0.7875 0) (size 0.875 0.95) (layers Front F.Paste F.Mask) (roundrect_rratio 0.25)
      (net 3 TX))
    (model ${KISYS3DMOD}/LED_SMD.3dshapes/LED_0603_1608Metric.wrl
      (at (xyz 0 0 0))
      (scale (xyz 1 1 1))
      (rotate (xyz 0 0 0))
    )
  )

  (gr_text IR-EYE (at 45 39.25) (layer B.SilkS)
    (effects (font (size 1.75 1.25) (thickness 0.3048)) (justify mirror))
  )
  (gr_text "Designed By:\nAndersV209\n" (at 45 48.75) (layer B.SilkS)
    (effects (font (size 1.5 1) (thickness 0.25)) (justify mirror))
  )
  (gr_text HAL9K (at 37 45 270) (layer B.Mask) (tstamp 5CA2B951)
    (effects (font (size 2.032 1.524) (thickness 0.3048)) (justify mirror))
  )
  (gr_text HAL9K (at 37.25 45 90) (layer F.SilkS)
    (effects (font (size 2.032 1.524) (thickness 0.3048)))
  )
  (gr_line (start 32 49.25) (end 37.25 49.25) (layer Edge.Cuts) (width 0.2))
  (gr_line (start 32 40.75) (end 32 49.25) (layer Edge.Cuts) (width 0.2))
  (gr_line (start 37.25 40.75) (end 32 40.75) (layer Edge.Cuts) (width 0.2))
  (gr_line (start 52.75 49.25) (end 58 49.25) (layer Edge.Cuts) (width 0.2))
  (gr_line (start 58 40.75) (end 52.75 40.75) (layer Edge.Cuts) (width 0.2))
  (gr_line (start 58 49.25) (end 58 40.75) (layer Edge.Cuts) (width 0.2))
  (gr_line (start 49.25 37.25) (end 40.75 37.25) (layer Edge.Cuts) (width 0.2))
  (gr_line (start 40.75 52.75) (end 49.25 52.75) (layer Edge.Cuts) (width 0.2))
  (gr_line (start 52.75 37.25) (end 37.25 52.75) (layer Eco1.User) (width 0.2))
  (gr_line (start 52.75 52.75) (end 37.25 37.25) (layer Eco1.User) (width 0.2))
  (gr_arc (start 52.75 52.75) (end 52.75 49.25) (angle -90) (layer Edge.Cuts) (width 0.2))
  (gr_arc (start 37.25 52.75) (end 40.75 52.75) (angle -90) (layer Edge.Cuts) (width 0.2))
  (gr_arc (start 37.25 37.25) (end 37.25 40.75) (angle -90) (layer Edge.Cuts) (width 0.2))
  (gr_arc (start 52.75 37.25) (end 49.25 37.25) (angle -90) (layer Edge.Cuts) (width 0.2))
  (gr_line (start 52.75 52.75) (end 52.75 49.25) (layer Eco1.User) (width 0.2))
  (gr_line (start 37.25 52.75) (end 52.75 52.75) (layer Eco1.User) (width 0.2))
  (gr_line (start 37.25 37.25) (end 37.25 52.75) (layer Eco1.User) (width 0.2))
  (gr_line (start 52.75 37.25) (end 37.25 37.25) (layer Eco1.User) (width 0.2))
  (gr_line (start 52.75 40.75) (end 52.75 37.25) (layer Eco1.User) (width 0.2))
  (gr_circle (center 45 45) (end 58 45) (layer Eco2.User) (width 0.2))
  (gr_circle (center 52.75 52.75) (end 56.25 52.75) (layer Eco2.User) (width 0.2) (tstamp 5CA05129))
  (gr_circle (center 37.25 52.75) (end 40.75 52.75) (layer Eco2.User) (width 0.2) (tstamp 5CA05355))
  (gr_circle (center 37.25 37.25) (end 40.75 37.25) (layer Eco2.User) (width 0.2) (tstamp 5CA05354))
  (gr_circle (center 52.75 37.25) (end 56.25 37.25) (layer Eco2.User) (width 0.2) (tstamp 5CA05353))
  (gr_circle (center 45 45) (end 56 45) (layer Eco1.User) (width 0.2))

  (via (at 52.75 42) (size 0.6) (drill 0.4) (layers Front Back) (net 1))
  (segment (start 52.7875 43.25) (end 52.7875 42.0375) (width 0.4) (layer Front) (net 1))
  (segment (start 52.7875 42.0375) (end 52.75 42) (width 0.4) (layer Front) (net 1))
  (via (at 40.5 46.5) (size 0.6) (drill 0.4) (layers Front Back) (net 1))
  (via (at 42.5 48.75) (size 0.6) (drill 0.4) (layers Front Back) (net 1))
  (segment (start 43.8 49) (end 42.75 49) (width 0.4) (layer Front) (net 1))
  (segment (start 42.75 49) (end 42.5 48.75) (width 0.4) (layer Front) (net 1))
  (segment (start 40.7125 46.2875) (end 40.5 46.5) (width 0.4) (layer Front) (net 1))
  (segment (start 40.7125 45) (end 40.7125 46.2875) (width 0.4) (layer Front) (net 1))
  (segment (start 41.538388 47.711612) (end 41.538388 49.038388) (width 0.4) (layer Front) (net 2))
  (segment (start 42 47.25) (end 41.538388 47.711612) (width 0.4) (layer Front) (net 2))
  (segment (start 43.95 51) (end 44.75 51) (width 0.4) (layer Front) (net 2))
  (segment (start 43.5 51) (end 43.95 51) (width 0.4) (layer Front) (net 2))
  (segment (start 41.538388 49.038388) (end 43.5 51) (width 0.4) (layer Front) (net 2))
  (segment (start 49.5 46.15) (end 48.4 47.25) (width 0.4) (layer Back) (net 2))
  (segment (start 49.5 45) (end 49.5 46.15) (width 0.4) (layer Back) (net 2))
  (segment (start 48.4 47.25) (end 46.5 47.25) (width 0.4) (layer Back) (net 2))
  (via (at 46.25 50.25) (size 0.6) (drill 0.4) (layers Front Back) (net 2))
  (segment (start 46.5 47.25) (end 46.25 47.5) (width 0.4) (layer Back) (net 2))
  (segment (start 46.25 47.5) (end 46.25 50.25) (width 0.4) (layer Back) (net 2))
  (segment (start 46.25 50.25) (end 45.5 51) (width 0.4) (layer Front) (net 2))
  (segment (start 45.5 51) (end 44.75 51) (width 0.4) (layer Front) (net 2))
  (segment (start 47.7125 42.575) (end 47.75 42.5375) (width 0.4) (layer Front) (net 3))
  (segment (start 47.7125 45) (end 47.7125 43.5) (width 0.4) (layer Front) (net 3))
  (via (at 46.5 43) (size 0.6) (drill 0.4) (layers Front Back) (net 3))
  (segment (start 46.5 45) (end 46.5 43) (width 0.4) (layer Back) (net 3))
  (segment (start 46.5 43) (end 47.7125 43) (width 0.4) (layer Front) (net 3))
  (segment (start 47.7125 43.5) (end 47.7125 43) (width 0.4) (layer Front) (net 3))
  (segment (start 47.7125 43) (end 47.7125 42.575) (width 0.4) (layer Front) (net 3))
  (segment (start 45.675 47.2125) (end 45.7125 47.25) (width 0.4) (layer Front) (net 4))
  (segment (start 45 47.2125) (end 45.675 47.2125) (width 0.4) (layer Front) (net 4))
  (segment (start 43.5 45) (end 43.5 43.75) (width 0.4) (layer Back) (net 4))
  (segment (start 44.9625 47.25) (end 45 47.2125) (width 0.4) (layer Front) (net 4))
  (segment (start 43.575 47.25) (end 44.9625 47.25) (width 0.4) (layer Front) (net 4))
  (via (at 45 43.25) (size 0.6) (drill 0.4) (layers Front Back) (net 4))
  (segment (start 44.5 43.75) (end 45 43.25) (width 0.4) (layer Back) (net 4))
  (segment (start 43.5 43.75) (end 44.5 43.75) (width 0.4) (layer Back) (net 4))
  (segment (start 45 42.75) (end 45 43.25) (width 0.4) (layer Front) (net 4))
  (segment (start 45 43.25) (end 45 47.2125) (width 0.4) (layer Front) (net 4))
  (segment (start 45 42.75) (end 45 42) (width 0.4) (layer Front) (net 4))
  (segment (start 46.7875 40) (end 47.75 40.9625) (width 0.4) (layer Front) (net 5))
  (segment (start 45.95 40) (end 46.7875 40) (width 0.4) (layer Front) (net 5))
  (segment (start 43.4625 40) (end 42.5 40.9625) (width 0.4) (layer Front) (net 6))
  (segment (start 44.05 40) (end 43.4625 40) (width 0.4) (layer Front) (net 6))
  (segment (start 47.2875 47.25) (end 47.749112 46.788388) (width 0.4) (layer Front) (net 7))
  (segment (start 47.749112 46.788388) (end 49.211612 46.788388) (width 0.4) (layer Front) (net 7))
  (segment (start 50 46) (end 53.25 46) (width 0.4) (layer Front) (net 7))
  (segment (start 49.211612 46.788388) (end 50 46) (width 0.4) (layer Front) (net 7))
  (segment (start 45.95 48.75) (end 45.7 49) (width 0.4) (layer Front) (net 8))
  (segment (start 48.6 48.75) (end 45.95 48.75) (width 0.4) (layer Front) (net 8))
  (segment (start 51.25 46.95) (end 50.4 46.95) (width 0.4) (layer Front) (net 8))
  (segment (start 50.4 46.95) (end 48.6 48.75) (width 0.4) (layer Front) (net 8))
  (segment (start 51.2 45) (end 51.25 45.05) (width 0.4) (layer Front) (net 10))
  (segment (start 50.4625 44.9625) (end 50.5 45) (width 0.4) (layer Front) (net 10))
  (segment (start 49.2875 45) (end 50.5 45) (width 0.4) (layer Front) (net 10))
  (segment (start 50.5 45) (end 51.2 45) (width 0.4) (layer Front) (net 10))
  (segment (start 51.2125 45.0125) (end 51.25 45.05) (width 0.4) (layer Front) (net 10))
  (segment (start 51.2125 43.25) (end 51.2125 45.0125) (width 0.4) (layer Front) (net 10))
  (segment (start 42.2875 42.75) (end 42.5 42.5375) (width 0.4) (layer Front) (net 9))
  (segment (start 42.2875 45) (end 42.2875 42.75) (width 0.4) (layer Front) (net 9))

  (zone (net 1) (net_name GND) (layer Back) (tstamp 0) (hatch edge 0.508)
    (connect_pads (clearance 0.508))
    (min_thickness 0.254)
    (fill yes (arc_segments 16) (thermal_gap 0.508) (thermal_bridge_width 0.508))
    (polygon
      (pts
        (xy 31.75 37) (xy 31.75 53) (xy 58.25 53) (xy 58.25 37)
      )
    )
    (filled_polygon
      (pts
        (xy 48.6538 38.311263) (xy 48.664162 38.348376) (xy 48.670321 38.386402) (xy 48.696494 38.464174) (xy 48.977246 39.166105)
        (xy 48.995333 39.200122) (xy 49.009516 39.235944) (xy 49.051779 39.306281) (xy 49.476712 39.931551) (xy 49.501682 39.960891)
        (xy 49.523226 39.992831) (xy 49.579597 40.052441) (xy 49.579606 40.052452) (xy 49.579611 40.052456) (xy 50.128893 40.571887)
        (xy 50.159582 40.595181) (xy 50.187482 40.62175) (xy 50.255344 40.667869) (xy 50.255349 40.667872) (xy 50.255351 40.667873)
        (xy 50.903366 41.057239) (xy 50.938338 41.073398) (xy 50.971293 41.093357) (xy 51.047483 41.123831) (xy 51.763991 41.364963)
        (xy 51.801625 41.373237) (xy 51.83809 41.385651) (xy 51.919043 41.399053) (xy 51.919046 41.399054) (xy 51.919047 41.399054)
        (xy 52.638405 41.477201) (xy 52.677612 41.485) (xy 57.265001 41.485) (xy 57.265001 43.81134) (xy 56.982799 43.529138)
        (xy 56.345113 43.265) (xy 55.654887 43.265) (xy 55.017201 43.529138) (xy 54.529138 44.017201) (xy 54.265 44.654887)
        (xy 54.265 45.345113) (xy 54.529138 45.982799) (xy 55.017201 46.470862) (xy 55.654887 46.735) (xy 56.345113 46.735)
        (xy 56.982799 46.470862) (xy 57.265 46.188661) (xy 57.265 48.515) (xy 52.677612 48.515) (xy 52.667461 48.517019)
        (xy 52.534104 48.520744) (xy 52.525164 48.521969) (xy 52.516158 48.521465) (xy 52.43458 48.530327) (xy 51.688736 48.653801)
        (xy 51.651629 48.664161) (xy 51.613598 48.670321) (xy 51.535826 48.696494) (xy 50.833895 48.977246) (xy 50.799879 48.995333)
        (xy 50.764056 49.009516) (xy 50.693718 49.051779) (xy 50.068449 49.476712) (xy 50.039107 49.501683) (xy 50.007169 49.523226)
        (xy 49.947547 49.579607) (xy 49.428113 50.128894) (xy 49.404819 50.159582) (xy 49.378251 50.187482) (xy 49.332127 50.25535)
        (xy 48.942761 50.903366) (xy 48.926602 50.938338) (xy 48.906643 50.971293) (xy 48.876169 51.047482) (xy 48.635037 51.763991)
        (xy 48.626763 51.801625) (xy 48.614349 51.83809) (xy 48.600946 51.919046) (xy 48.590522 52.015) (xy 41.400212 52.015)
        (xy 41.346199 51.688736) (xy 41.335839 51.651629) (xy 41.329679 51.613598) (xy 41.303506 51.535826) (xy 41.022754 50.833895)
